# Пример данных PUR
years <- 1966:2021
tree_ring_width <- c(0.39, 1.05, 0.58, 1.04, 0.77, 0.71, 0.93, 0.66, 1.01, 0.59, 
                     1.15, 1.01, 0.93, 1.04, 0.61, 1.11, 1.08, 1.17, 1.09, 0.67, 
                     0.43, 1.20, 1.04, 1.14, 0.98, 1.29, 0.72, 1.43, 1.08, 0.35, 
                     1.25, 0.36, 1.39, 0.78, 0.79, 0.74, 1.03, 1.28, 1.15, 0.73, 
                     1.28, 1.38, 1.54, 0.51, 0.75, 1.21, 1.50, 1.08, 0.93, 1.04, 
                     0.89, 0.86, 1.16, 0.71, 0.62, 1.25)
# Замена строки генерации данных
temperature <- c(-8.3, -3.6, -8.8, -8.1, -8.1, -7.7, -7.7, -6.0, -7.4, -6.5, -5.6, -6.5, 
                 -8.3, -7.9, -6.5, -4.1, -6.2, -5.8, -5.5, -7.8, -6.4, -6.4, -5.4, -5.0, 
                 -5.9, -4.6, -7.3, -4.1, -6.3, -3.1, -3.8, -6.3, -8.5, -7.1, -5.2, -6.2, 
                 -5.8, -4.8, -6.0, -3.9, -7.7, -3.7, -4.2, -7.2, -6.9, -3.5, -3.3, -5.1, 
                 -5.8, -3.9, -2.9, -3.8, -4.6, -4.6, -1.2, -5.7)



# Пример данных KHA
years <- 1966:2021
tree_ring_width <- c(1.23, 1.28, 0.70, 1.19, 0.93, 0.36, 1.02, 0.59, 0.43, 1.09, 
                     1.19, 0.56, 1.05, 1.31, 0.32, 1.03, 0.96, 0.93, 1.25, 0.49, 
                     1.15, 0.65, 1.15, 0.24, 1.43, 1.30, 0.80, 0.53, 1.23, 0.65, 
                     1.12, 0.75, 1.12, 0.53, 0.71, 1.35, 1.10, 0.94, 0.92, 0.68, 
                     0.88, 0.81, 0.98, 1.10, 0.84, 0.70, 1.33, 0.95, 1.00, 0.84, 
                     0.92, 0.82, 1.37, 1.38, 0.62, 0.98)
# Замена строки генерации данных
temperature <- c(-15.29, -10.65, -13.80, -13.19, -13.73, -11.98, -14.76, -13.36, -14.63, -11.59, 
                 -14.18, -14.28, -13.86, -15.46, -13.01, -11.81, -14.43, -11.54, -12.22, -12.48, 
                 -13.05, -14.63, -11.60, -13.27, -11.88, -12.88, -14.32, -11.96, -13.09, -11.80, 
                 -12.60, -11.68, -14.29, -11.96, -12.64, -11.93, -13.21, -11.76, -14.17, -11.04, 
                 -11.81, -11.75, -11.12, -11.27, -11.31, -8.87, -9.88, -11.78, -11.35, -11.23, 
                 -10.37, -10.86, -10.18, -9.77, -6.74, -11.43)